Polygon_A:  1.37204 3.13575 1.24725 2.63709 2.04748 2.45496 2.34399 2.7955
Polygon_B:  0.843098 4.93776 7.05503 2.13058 1.84527 1.51206 -0.479954 0.00135109
